$ 1 0.000005 1.0312258501325766 39 5 50 5e-11
181 112 320 160 320 0 305.5174332045999 100 120 0.4 0.4
181 368 320 416 320 0 305.51743320459974 100 120 0.4 0.4
p 160 256 112 256 1 0 0
p 224 256 176 256 1 0 0
p 288 256 240 256 1 0 0
p 352 256 304 256 1 0 0
p 416 256 368 256 1 0 0
370 432 384 432 320 1 0 0
v 240 400 288 400 0 0 40 15 0 0 0.5
w 112 256 112 320 0
w 160 320 160 256 0
w 176 256 176 320 0
w 224 320 224 256 0
w 240 256 240 320 0
w 288 320 288 256 0
w 304 256 304 320 0
w 352 320 352 256 0
w 368 256 368 320 0
w 416 320 416 256 0
w 432 320 416 320 0
w 368 320 352 320 0
w 304 320 288 320 0
w 240 320 224 320 0
w 176 320 160 320 0
w 288 400 432 400 0
w 432 400 432 384 0
w 112 320 112 400 0
w 112 400 240 400 0
r 352 320 304 320 0 10
r 288 320 240 320 0 10
r 224 320 176 320 0 10
o 30 64 0 4099 5 0.4 0 2 30 3
o 29 64 0 4099 5 0.4 1 2 29 3
o 28 64 0 4099 5 0.4 2 2 28 3
