$ 1 0.000005 10.20027730826997 36 5 43 5e-11
v 256 432 336 432 0 0 40 15 0 0 0.5
p 320 304 272 304 1 0 0
r 320 272 272 272 0 10
p 320 224 272 224 1 0 0
r 320 192 272 192 0 10
p 320 144 272 144 1 0 0
181 256 352 208 352 0 400.40073816466 100 120 0.4 0.4
181 256 272 208 272 0 400.4006194801745 100 120 0.4 0.4
181 256 192 208 192 0 400.400446328119 100 120 0.4 0.4
370 384 352 320 352 1 0 0
370 384 272 320 272 1 0 0
370 384 192 320 192 1 0 0
w 272 144 272 192 0
w 272 192 256 192 0
w 208 192 208 272 0
w 208 272 208 352 0
w 208 352 208 432 0
w 208 432 256 432 0
w 272 352 256 352 0
w 256 272 272 272 0
w 272 224 272 272 0
w 272 304 272 352 0
w 320 352 320 304 0
w 320 272 320 224 0
w 320 144 320 192 0
w 384 192 384 272 0
w 384 272 384 352 0
w 384 352 384 432 0
w 336 432 384 432 0
r 320 352 272 352 0 10
o 2 64 0 4099 20 1.6 0 2 2 3
o 4 64 0 4099 20 1.6 1 2 4 3
o 29 64 0 4099 20 1.6 2 2 29 3
