$MeshFormat
2.2 0 8
$EndMeshFormat
$Nodes
114
1 -0.5 0.5 0
2 0.5 0.5 0
3 0 0 0
4 -0.5 -1 0
5 0.5 -1 0
6 -0.25 -0.8 0
7 0.25 -0.8 0
8 0.25 -1 0
9 -0.25 -1 0
10 -0.5 0.5 2
11 0 0 2
12 0.5 0.5 2
13 0.5 -1 2
14 0.25 -1 2
15 0.25 -0.8 2
16 -0.25 -0.8 2
17 -0.25 -1 2
18 -0.5 -1 2
19 -0.25 0.25 0
20 0.25 0.25 0
21 0.5 0 0
22 0.5 -0.5 0
23 -0.5 -0.5 0
24 -0.5 0 0
25 -0.5 0.5 0.5
26 -0.5 0.5 1
27 -0.5 0.5 1.5
28 0 0 0.5
29 0 0 1
30 0 0 1.5
31 -0.25 0.25 2
32 0.5 0.5 0.5
33 0.5 0.5 1
34 0.5 0.5 1.5
35 0.25 0.25 2
36 0.5 -1 0.5
37 0.5 -1 1
38 0.5 -1 1.5
39 0.5 0 2
40 0.5 -0.5 2
41 0.25 -1 0.5
42 0.25 -1 1
43 0.25 -1 1.5
44 0.25 -0.8 0.5
45 0.25 -0.8 1
46 0.25 -0.8 1.5
47 -0.25 -0.8 0.5
48 -0.25 -0.8 1
49 -0.25 -0.8 1.5
50 -0.25 -1 0.5
51 -0.25 -1 1
52 -0.25 -1 1.5
53 -0.5 -1 0.5
54 -0.5 -1 1
55 -0.5 -1 1.5
56 -0.5 -0.5 2
57 -0.5 0 2
58 0 -0.5834936490538905 0
59 0.2500000000000001 -0.25 0
60 -0.25 -0.25 0
61 4.954895230552647e-17 -0.3298615165517518 0
62 0.227981753224865 -0.5011257661341468 0
63 -0.227981753224865 -0.5011257661341468 0
64 0.2500000000000001 5.551115123125783e-17 0
65 -0.2499999999999999 0.2499999999999999 1.25
66 -0.2499999999999999 0.2499999999999999 0.7499999999999999
67 -0.2500000000000001 0.2500000000000001 1.646692350409552
68 -0.2500000000000001 0.2500000000000001 0.3533076495904484
69 0.2500000000000001 0.2500000000000001 0.7499999999999999
70 0.2500000000000001 0.2500000000000001 1.25
71 0.2499999999999999 0.2499999999999999 1.646692350409552
72 0.2499999999999999 0.2499999999999999 0.3533076495904484
73 0.5 -0.25 0.469100046208033
74 0.5 0.1196106245977894 1.252221699888397
75 0.5 -0.6196106245977893 1.252221699888397
76 0.5 0.1255975368022252 0.7649930933485939
77 0.5 -0.6255975368022251 0.7649930933485939
78 0.5 -0.25 1.569237675083684
79 0.5 -0.2500000000000001 1.00508862658328
80 0.5 -0.6339745962155614 0.3660254037844387
81 0.5 0.1339745962155614 0.3660254037844387
82 0.5 -0.6365203677224713 1.636520367722471
83 0.5 0.1365203677224716 1.636520367722472
84 0.375 -1 1.75
85 0.375 -1 0.25
86 0.375 -1 0.75
87 0.375 -1 1.25
88 0 -0.8 0.25
89 0 -0.8 1.75
90 0 -0.8 0.75
91 0 -0.8 1.25
92 -0.375 -1 1.75
93 -0.375 -1 0.25
94 -0.375 -1 0.75
95 -0.375 -1 1.25
96 -0.5 -0.25 0.469100046208033
97 -0.5 -0.6196106245977894 1.252221699888397
98 -0.5 0.1196106245977893 1.252221699888397
99 -0.5 0.1255975368022251 0.7649930933485939
100 -0.5 -0.6255975368022252 0.7649930933485939
101 -0.5 -0.25 1.569237675083684
102 -0.5 -0.2499999999999999 1.00508862658328
103 -0.5 -0.6339745962155614 0.3660254037844387
104 -0.5 0.1339745962155614 0.3660254037844387
105 -0.5 0.1365203677224713 1.636520367722471
106 -0.5 -0.6365203677224716 1.636520367722472
107 0 -0.5834936490538905 2
108 0.2500000000000001 -0.25 2
109 -0.25 -0.25 2
110 4.954895230552647e-17 -0.3298615165517518 2
111 0.227981753224865 -0.5011257661341468 2
112 -0.227981753224865 -0.5011257661341468 2
113 0.25 5.551115123125783e-17 2
114 -0.2499999999999999 0 2
$EndNodes
$Elements
308
1 15 2 0 1 1
2 15 2 0 2 2
3 15 2 0 3 3
4 15 2 0 4 4
5 15 2 0 5 5
6 15 2 0 6 6
7 15 2 0 7 7
8 15 2 0 8 8
9 15 2 0 9 9
10 15 2 0 10 10
11 15 2 0 11 11
12 15 2 0 12 12
13 15 2 0 13 13
14 15 2 0 14 14
15 15 2 0 15 15
16 15 2 0 16 16
17 15 2 0 17 17
18 15 2 0 18 18
19 1 2 0 1 1 19
20 1 2 0 1 19 3
21 1 2 0 2 3 20
22 1 2 0 2 20 2
23 1 2 0 3 2 21
24 1 2 0 3 21 22
25 1 2 0 3 22 5
26 1 2 0 4 5 8
27 1 2 0 5 8 7
28 1 2 0 6 7 6
29 1 2 0 7 6 9
30 1 2 0 8 9 4
31 1 2 0 9 4 23
32 1 2 0 9 23 24
33 1 2 0 9 24 1
34 1 2 0 10 1 25
35 1 2 0 10 25 26
36 1 2 0 10 26 27
37 1 2 0 10 27 10
38 1 2 0 11 3 28
39 1 2 0 11 28 29
40 1 2 0 11 29 30
41 1 2 0 11 30 11
42 1 2 0 12 10 31
43 1 2 0 12 31 11
44 1 2 0 13 2 32
45 1 2 0 13 32 33
46 1 2 0 13 33 34
47 1 2 0 13 34 12
48 1 2 0 14 11 35
49 1 2 0 14 35 12
50 1 2 0 15 5 36
51 1 2 0 15 36 37
52 1 2 0 15 37 38
53 1 2 0 15 38 13
54 1 2 0 16 12 39
55 1 2 0 16 39 40
56 1 2 0 16 40 13
57 1 2 0 17 8 41
58 1 2 0 17 41 42
59 1 2 0 17 42 43
60 1 2 0 17 43 14
61 1 2 0 18 13 14
62 1 2 0 19 7 44
63 1 2 0 19 44 45
64 1 2 0 19 45 46
65 1 2 0 19 46 15
66 1 2 0 20 14 15
67 1 2 0 21 6 47
68 1 2 0 21 47 48
69 1 2 0 21 48 49
70 1 2 0 21 49 16
71 1 2 0 22 15 16
72 1 2 0 23 9 50
73 1 2 0 23 50 51
74 1 2 0 23 51 52
75 1 2 0 23 52 17
76 1 2 0 24 16 17
77 1 2 0 25 4 53
78 1 2 0 25 53 54
79 1 2 0 25 54 55
80 1 2 0 25 55 18
81 1 2 0 26 17 18
82 1 2 0 27 18 56
83 1 2 0 27 56 57
84 1 2 0 27 57 10
85 2 2 0 1 3 60 19
86 2 2 0 1 19 60 24
87 2 2 0 1 9 4 6
88 2 2 0 1 5 8 7
89 2 2 0 1 22 59 21
90 2 2 0 1 24 60 23
91 2 2 0 1 23 63 6
92 2 2 0 1 7 62 22
93 2 2 0 1 58 62 7
94 2 2 0 1 6 63 58
95 2 2 0 1 59 61 3
96 2 2 0 1 3 61 60
97 2 2 0 1 20 64 3
98 2 2 0 1 21 64 20
99 2 2 0 1 58 63 61
100 2 2 0 1 61 62 58
101 2 2 0 1 3 64 59
102 2 2 0 1 59 64 21
103 2 2 0 1 60 63 23
104 2 2 0 1 22 62 59
105 2 2 0 1 59 62 61
106 2 2 0 1 61 63 60
107 2 2 0 1 1 19 24
108 2 2 0 1 2 21 20
109 2 2 0 1 6 4 23
110 2 2 0 1 7 22 5
111 2 2 0 1 6 58 7
112 2 2 0 2 1 68 19
113 2 2 0 2 19 68 3
114 2 2 0 2 11 67 31
115 2 2 0 2 31 67 10
116 2 2 0 2 30 67 11
117 2 2 0 2 25 68 1
118 2 2 0 2 3 68 28
119 2 2 0 2 10 67 27
120 2 2 0 2 26 66 25
121 2 2 0 2 27 65 26
122 2 2 0 2 65 66 26
123 2 2 0 2 29 66 65
124 2 2 0 2 28 66 29
125 2 2 0 2 29 65 30
126 2 2 0 2 27 67 65
127 2 2 0 2 65 67 30
128 2 2 0 2 28 68 66
129 2 2 0 2 66 68 25
130 2 2 0 3 12 71 35
131 2 2 0 3 20 72 2
132 2 2 0 3 3 72 20
133 2 2 0 3 35 71 11
134 2 2 0 3 34 71 12
135 2 2 0 3 2 72 32
136 2 2 0 3 28 72 3
137 2 2 0 3 11 71 30
138 2 2 0 3 69 70 33
139 2 2 0 3 29 69 28
140 2 2 0 3 30 70 29
141 2 2 0 3 29 70 69
142 2 2 0 3 32 69 33
143 2 2 0 3 33 70 34
144 2 2 0 3 30 71 70
145 2 2 0 3 70 71 34
146 2 2 0 3 32 72 69
147 2 2 0 3 69 72 28
148 2 2 0 4 78 79 74
149 2 2 0 4 75 79 78
150 2 2 0 4 73 79 77
151 2 2 0 4 76 79 73
152 2 2 0 4 21 73 22
153 2 2 0 4 34 74 33
154 2 2 0 4 37 75 38
155 2 2 0 4 33 76 32
156 2 2 0 4 36 77 37
157 2 2 0 4 37 77 75
158 2 2 0 4 74 76 33
159 2 2 0 4 40 78 39
160 2 2 0 4 2 81 21
161 2 2 0 4 32 81 2
162 2 2 0 4 22 80 5
163 2 2 0 4 5 80 36
164 2 2 0 4 38 82 13
165 2 2 0 4 13 82 40
166 2 2 0 4 12 83 34
167 2 2 0 4 39 83 12
168 2 2 0 4 36 80 77
169 2 2 0 4 76 81 32
170 2 2 0 4 34 83 74
171 2 2 0 4 75 82 38
172 2 2 0 4 21 81 73
173 2 2 0 4 73 80 22
174 2 2 0 4 77 79 75
175 2 2 0 4 74 79 76
176 2 2 0 4 77 80 73
177 2 2 0 4 73 81 76
178 2 2 0 4 74 83 78
179 2 2 0 4 78 82 75
180 2 2 0 4 40 82 78
181 2 2 0 4 78 83 39
182 2 2 0 5 41 85 36
183 2 2 0 5 14 84 13
184 2 2 0 5 36 86 41
185 2 2 0 5 42 86 37
186 2 2 0 5 37 87 42
187 2 2 0 5 38 84 43
188 2 2 0 5 43 87 38
189 2 2 0 5 5 85 8
190 2 2 0 5 36 85 5
191 2 2 0 5 8 85 41
192 2 2 0 5 13 84 38
193 2 2 0 5 43 84 14
194 2 2 0 5 37 86 36
195 2 2 0 5 38 87 37
196 2 2 0 5 41 86 42
197 2 2 0 5 42 87 43
198 2 2 0 6 7 8 41
199 2 2 0 6 7 41 44
200 2 2 0 6 43 14 15
201 2 2 0 6 43 15 46
202 2 2 0 6 44 41 42
203 2 2 0 6 45 42 43
204 2 2 0 6 44 42 45
205 2 2 0 6 45 43 46
206 2 2 0 7 7 88 6
207 2 2 0 7 6 88 47
208 2 2 0 7 44 88 7
209 2 2 0 7 16 89 15
210 2 2 0 7 15 89 46
211 2 2 0 7 49 89 16
212 2 2 0 7 45 90 44
213 2 2 0 7 47 88 44
214 2 2 0 7 44 90 47
215 2 2 0 7 46 91 45
216 2 2 0 7 48 90 45
217 2 2 0 7 45 91 48
218 2 2 0 7 46 89 49
219 2 2 0 7 49 91 46
220 2 2 0 7 47 90 48
221 2 2 0 7 48 91 49
222 2 2 0 8 9 6 47
223 2 2 0 8 9 47 50
224 2 2 0 8 49 16 17
225 2 2 0 8 52 49 17
226 2 2 0 8 50 47 48
227 2 2 0 8 51 48 49
228 2 2 0 8 50 48 51
229 2 2 0 8 51 49 52
230 2 2 0 9 53 93 50
231 2 2 0 9 18 92 17
232 2 2 0 9 50 94 53
233 2 2 0 9 54 94 51
234 2 2 0 9 51 95 54
235 2 2 0 9 52 92 55
236 2 2 0 9 55 95 52
237 2 2 0 9 9 93 4
238 2 2 0 9 4 93 53
239 2 2 0 9 50 93 9
240 2 2 0 9 17 92 52
241 2 2 0 9 55 92 18
242 2 2 0 9 51 94 50
243 2 2 0 9 52 95 51
244 2 2 0 9 53 94 54
245 2 2 0 9 54 95 55
246 2 2 0 10 101 102 97
247 2 2 0 10 98 102 101
248 2 2 0 10 96 102 99
249 2 2 0 10 100 102 96
250 2 2 0 10 23 96 24
251 2 2 0 10 55 97 54
252 2 2 0 10 26 98 27
253 2 2 0 10 25 99 26
254 2 2 0 10 54 100 53
255 2 2 0 10 26 99 98
256 2 2 0 10 97 100 54
257 2 2 0 10 57 101 56
258 2 2 0 10 24 104 1
259 2 2 0 10 4 103 23
260 2 2 0 10 1 104 25
261 2 2 0 10 53 103 4
262 2 2 0 10 27 105 10
263 2 2 0 10 10 105 57
264 2 2 0 10 18 106 55
265 2 2 0 10 56 106 18
266 2 2 0 10 25 104 99
267 2 2 0 10 100 103 53
268 2 2 0 10 55 106 97
269 2 2 0 10 98 105 27
270 2 2 0 10 23 103 96
271 2 2 0 10 96 104 24
272 2 2 0 10 99 102 98
273 2 2 0 10 97 102 100
274 2 2 0 10 99 104 96
275 2 2 0 10 96 103 100
276 2 2 0 10 97 106 101
277 2 2 0 10 101 105 98
278 2 2 0 10 57 105 101
279 2 2 0 10 101 106 56
280 2 2 0 11 14 13 15
281 2 2 0 11 16 18 17
282 2 2 0 11 40 39 108
283 2 2 0 11 57 56 109
284 2 2 0 11 56 16 112
285 2 2 0 11 15 40 111
286 2 2 0 11 107 15 111
287 2 2 0 11 16 107 112
288 2 2 0 11 108 11 110
289 2 2 0 11 11 109 110
290 2 2 0 11 31 57 114
291 2 2 0 11 39 35 113
292 2 2 0 11 11 31 114
293 2 2 0 11 35 11 113
294 2 2 0 11 107 110 112
295 2 2 0 11 110 107 111
296 2 2 0 11 11 108 113
297 2 2 0 11 57 109 114
298 2 2 0 11 109 11 114
299 2 2 0 11 108 39 113
300 2 2 0 11 109 56 112
301 2 2 0 11 40 108 111
302 2 2 0 11 108 110 111
303 2 2 0 11 110 109 112
304 2 2 0 11 57 31 10
305 2 2 0 11 12 35 39
306 2 2 0 11 13 40 15
307 2 2 0 11 16 15 107
308 2 2 0 11 56 18 16
$EndElements
