$MeshFormat
2.2 0 8
$EndMeshFormat
$Nodes
101
1 0 0 0
2 0.06 0 0
3 0 0.06 0
4 -0.06 0 0
5 0 -0.06 0
6 -0.06 0 1
7 0 0.06 1
8 0.06 0 1
9 0 -0.06 1
10 -0.04242640687119286 0.04242640687119285 0
11 0.04242640687119284 0.04242640687119286 0
12 0.04242640687119292 -0.04242640687119278 0
13 -0.04242640687119275 -0.04242640687119294 0
14 -0.06 0 0.1
15 -0.06 0 0.2
16 -0.06 0 0.3
17 -0.06 0 0.4
18 -0.06 0 0.5
19 -0.06 0 0.6
20 -0.06 0 0.7
21 -0.06 0 0.8
22 -0.06 0 0.9
23 0 0.06 0.1
24 0 0.06 0.2
25 0 0.06 0.3
26 0 0.06 0.4
27 0 0.06 0.5
28 0 0.06 0.6
29 0 0.06 0.7
30 0 0.06 0.8
31 0 0.06 0.9
32 -0.04242640687119286 0.04242640687119285 1
33 0.06 0 0.1
34 0.06 0 0.2
35 0.06 0 0.3
36 0.06 0 0.4
37 0.06 0 0.5
38 0.06 0 0.6
39 0.06 0 0.7
40 0.06 0 0.8
41 0.06 0 0.9
42 0.04242640687119284 0.04242640687119286 1
43 0 -0.06 0.1
44 0 -0.06 0.2
45 0 -0.06 0.3
46 0 -0.06 0.4
47 0 -0.06 0.5
48 0 -0.06 0.6
49 0 -0.06 0.7
50 0 -0.06 0.8
51 0 -0.06 0.9
52 0.04242640687119292 -0.04242640687119278 1
53 -0.04242640687119275 -0.04242640687119294 1
54 0.00667958680008368 -0.01612594904381029 0
55 -0.009028472870774512 0.02179666165214136 0
56 -0.02706479235591776 -0.01092237115561588 0
57 0.0268609809170476 0.01141441549550298 0
58 -0.04290842214728259 0.04193885202089572 0.3499999999999999
59 -0.04193885202089611 0.04290842214728221 0.6500000000000001
60 -0.04193885202089613 0.04290842214728219 0.75
61 -0.04242640687119286 0.04242640687119285 0.8468099222873008
62 -0.04242640687119286 0.04242640687119285 0.9347004569171722
63 -0.04149449174795723 0.04333828739785075 0.15
64 -0.04242640687119286 0.04242640687119285 0.0652995430828278
65 -0.04290842214728257 0.04193885202089574 0.5499999999999999
66 -0.04242640687119286 0.04242640687119285 0.2502848690984253
67 -0.04242640687119286 0.04242640687119285 0.4502848690984254
68 0.04193885202089544 0.04290842214728285 0.5499999999999999
69 0.04193885202089533 0.04290842214728297 0.35
70 0.04290842214728242 0.04193885202089589 0.75
71 0.04242640687119284 0.04242640687119286 0.8468099222873007
72 0.04242640687119284 0.04242640687119286 0.9347004569171722
73 0.04333828739785119 0.04149449174795677 0.15
74 0.04242640687119284 0.04242640687119286 0.06529954308282784
75 0.0429084221472825 0.0419388520208958 0.6500000000000001
76 0.04242640687119281 0.0424264068711929 0.2502848690984253
77 0.04242640687119284 0.04242640687119286 0.4502848690984254
78 0.0429084221472821 -0.04193885202089621 0.6499999999999999
79 0.04290842214728213 -0.04193885202089619 0.35
80 0.04193885202089624 -0.04290842214728207 0.75
81 0.04242640687119285 -0.04242640687119285 0.8468099222873006
82 0.04242640687119285 -0.04242640687119285 0.9347004569171717
83 0.0414944917479575 -0.04333828739785048 0.15
84 0.04242640687119285 -0.04242640687119285 0.0652995430828278
85 0.04242640687119285 -0.04242640687119285 0.2502848690984254
86 0.04242640687119285 -0.04242640687119285 0.4502848690984254
87 0.04290842214728212 -0.0419388520208962 0.55
88 -0.04193885202089601 -0.04290842214728231 0.5499999999999999
89 -0.04290842214728204 -0.04193885202089628 0.75
90 -0.04193885202089603 -0.04290842214728229 0.35
91 -0.04242640687119285 -0.04242640687119285 0.8468099222873007
92 -0.04242640687119285 -0.04242640687119285 0.9347004569171722
93 -0.04333828739785051 -0.04149449174795748 0.15
94 -0.04242640687119285 -0.04242640687119285 0.06529954308282783
95 -0.04290842214728204 -0.04193885202089628 0.6499999999999999
96 -0.04193885202089603 -0.04290842214728229 0.25
97 -0.04242640687119285 -0.04242640687119285 0.4502848690984254
98 0.00667958680008368 -0.01612594904381029 1
99 -0.009028472870774512 0.02179666165214136 1
100 -0.02706479235591776 -0.01092237115561588 1
101 0.0268609809170476 0.01141441549550298 1
$EndNodes
$Elements
261
1 15 2 0 1 1
2 15 2 0 2 2
3 15 2 0 3 3
4 15 2 0 4 4
5 15 2 0 5 5
6 15 2 0 6 6
7 15 2 0 7 7
8 15 2 0 8 8
9 15 2 0 9 9
10 1 2 0 1 4 10
11 1 2 0 1 10 3
12 1 2 0 2 3 11
13 1 2 0 2 11 2
14 1 2 0 3 2 12
15 1 2 0 3 12 5
16 1 2 0 4 5 13
17 1 2 0 4 13 4
18 1 2 0 5 4 14
19 1 2 0 5 14 15
20 1 2 0 5 15 16
21 1 2 0 5 16 17
22 1 2 0 5 17 18
23 1 2 0 5 18 19
24 1 2 0 5 19 20
25 1 2 0 5 20 21
26 1 2 0 5 21 22
27 1 2 0 5 22 6
28 1 2 0 6 3 23
29 1 2 0 6 23 24
30 1 2 0 6 24 25
31 1 2 0 6 25 26
32 1 2 0 6 26 27
33 1 2 0 6 27 28
34 1 2 0 6 28 29
35 1 2 0 6 29 30
36 1 2 0 6 30 31
37 1 2 0 6 31 7
38 1 2 0 7 6 32
39 1 2 0 7 32 7
40 1 2 0 8 2 33
41 1 2 0 8 33 34
42 1 2 0 8 34 35
43 1 2 0 8 35 36
44 1 2 0 8 36 37
45 1 2 0 8 37 38
46 1 2 0 8 38 39
47 1 2 0 8 39 40
48 1 2 0 8 40 41
49 1 2 0 8 41 8
50 1 2 0 9 7 42
51 1 2 0 9 42 8
52 1 2 0 10 5 43
53 1 2 0 10 43 44
54 1 2 0 10 44 45
55 1 2 0 10 45 46
56 1 2 0 10 46 47
57 1 2 0 10 47 48
58 1 2 0 10 48 49
59 1 2 0 10 49 50
60 1 2 0 10 50 51
61 1 2 0 10 51 9
62 1 2 0 11 8 52
63 1 2 0 11 52 9
64 1 2 0 12 9 53
65 1 2 0 12 53 6
66 2 2 0 1 13 56 5
67 2 2 0 1 5 56 54
68 2 2 0 1 10 56 4
69 2 2 0 1 54 57 12
70 2 2 0 1 12 57 2
71 2 2 0 1 11 57 3
72 2 2 0 1 55 56 10
73 2 2 0 1 3 57 55
74 2 2 0 1 5 54 12
75 2 2 0 1 3 55 10
76 2 2 0 1 4 56 13
77 2 2 0 1 2 57 11
78 2 2 0 1 54 56 55
79 2 2 0 1 55 57 54
80 2 2 0 2 14 64 4
81 2 2 0 2 31 62 7
82 2 2 0 2 17 58 16
83 2 2 0 2 19 65 18
84 2 2 0 2 29 60 30
85 2 2 0 2 23 63 24
86 2 2 0 2 28 59 29
87 2 2 0 2 30 61 31
88 2 2 0 2 16 66 15
89 2 2 0 2 18 67 17
90 2 2 0 2 24 66 25
91 2 2 0 2 26 67 27
92 2 2 0 2 22 61 21
93 2 2 0 2 20 59 19
94 2 2 0 2 21 60 20
95 2 2 0 2 15 63 14
96 2 2 0 2 25 58 26
97 2 2 0 2 27 65 28
98 2 2 0 2 61 62 31
99 2 2 0 2 22 62 61
100 2 2 0 2 63 64 14
101 2 2 0 2 23 64 63
102 2 2 0 2 25 66 16
103 2 2 0 2 27 67 18
104 2 2 0 2 26 58 17
105 2 2 0 2 18 65 27
106 2 2 0 2 29 59 20
107 2 2 0 2 30 60 21
108 2 2 0 2 20 60 29
109 2 2 0 2 24 63 15
110 2 2 0 2 16 58 25
111 2 2 0 2 19 59 28
112 2 2 0 2 28 65 19
113 2 2 0 2 15 66 24
114 2 2 0 2 17 67 26
115 2 2 0 2 21 61 30
116 2 2 0 2 10 64 3
117 2 2 0 2 3 64 23
118 2 2 0 2 4 64 10
119 2 2 0 2 6 62 22
120 2 2 0 2 32 62 6
121 2 2 0 2 7 62 32
122 2 2 0 3 23 74 3
123 2 2 0 3 41 72 8
124 2 2 0 3 26 69 25
125 2 2 0 3 28 68 27
126 2 2 0 3 39 70 40
127 2 2 0 3 33 73 34
128 2 2 0 3 38 75 39
129 2 2 0 3 25 76 24
130 2 2 0 3 27 77 26
131 2 2 0 3 34 76 35
132 2 2 0 3 36 77 37
133 2 2 0 3 31 71 30
134 2 2 0 3 40 71 41
135 2 2 0 3 30 70 29
136 2 2 0 3 24 73 23
137 2 2 0 3 37 68 38
138 2 2 0 3 29 75 28
139 2 2 0 3 35 69 36
140 2 2 0 3 31 72 71
141 2 2 0 3 71 72 41
142 2 2 0 3 73 74 23
143 2 2 0 3 33 74 73
144 2 2 0 3 37 77 27
145 2 2 0 3 35 76 25
146 2 2 0 3 34 73 24
147 2 2 0 3 25 69 35
148 2 2 0 3 38 68 28
149 2 2 0 3 29 70 39
150 2 2 0 3 39 75 29
151 2 2 0 3 40 70 30
152 2 2 0 3 36 69 26
153 2 2 0 3 27 68 37
154 2 2 0 3 28 75 38
155 2 2 0 3 24 76 34
156 2 2 0 3 26 77 36
157 2 2 0 3 30 71 40
158 2 2 0 3 11 74 2
159 2 2 0 3 2 74 33
160 2 2 0 3 3 74 11
161 2 2 0 3 7 72 31
162 2 2 0 3 42 72 7
163 2 2 0 3 8 72 42
164 2 2 0 4 33 84 2
165 2 2 0 4 51 82 9
166 2 2 0 4 36 79 35
167 2 2 0 4 39 78 38
168 2 2 0 4 49 80 50
169 2 2 0 4 43 83 44
170 2 2 0 4 38 87 37
171 2 2 0 4 35 85 34
172 2 2 0 4 37 86 36
173 2 2 0 4 44 85 45
174 2 2 0 4 46 86 47
175 2 2 0 4 41 81 40
176 2 2 0 4 50 81 51
177 2 2 0 4 40 80 39
178 2 2 0 4 34 83 33
179 2 2 0 4 45 79 46
180 2 2 0 4 47 87 48
181 2 2 0 4 48 78 49
182 2 2 0 4 41 82 81
183 2 2 0 4 81 82 51
184 2 2 0 4 83 84 33
185 2 2 0 4 43 84 83
186 2 2 0 4 47 86 37
187 2 2 0 4 45 85 35
188 2 2 0 4 46 79 36
189 2 2 0 4 37 87 47
190 2 2 0 4 49 78 39
191 2 2 0 4 39 80 49
192 2 2 0 4 50 80 40
193 2 2 0 4 44 83 34
194 2 2 0 4 35 79 45
195 2 2 0 4 38 78 48
196 2 2 0 4 48 87 38
197 2 2 0 4 34 85 44
198 2 2 0 4 36 86 46
199 2 2 0 4 40 81 50
200 2 2 0 4 2 84 12
201 2 2 0 4 12 84 5
202 2 2 0 4 5 84 43
203 2 2 0 4 8 82 41
204 2 2 0 4 52 82 8
205 2 2 0 4 9 82 52
206 2 2 0 5 43 94 5
207 2 2 0 5 22 92 6
208 2 2 0 5 46 90 45
209 2 2 0 5 45 96 44
210 2 2 0 5 20 89 21
211 2 2 0 5 14 93 15
212 2 2 0 5 48 88 47
213 2 2 0 5 19 95 20
214 2 2 0 5 21 91 22
215 2 2 0 5 17 97 18
216 2 2 0 5 47 97 46
217 2 2 0 5 51 91 50
218 2 2 0 5 49 95 48
219 2 2 0 5 50 89 49
220 2 2 0 5 16 90 17
221 2 2 0 5 18 88 19
222 2 2 0 5 44 93 43
223 2 2 0 5 15 96 16
224 2 2 0 5 91 92 22
225 2 2 0 5 51 92 91
226 2 2 0 5 93 94 43
227 2 2 0 5 14 94 93
228 2 2 0 5 18 97 47
229 2 2 0 5 17 90 46
230 2 2 0 5 47 88 18
231 2 2 0 5 49 89 20
232 2 2 0 5 20 95 49
233 2 2 0 5 21 89 50
234 2 2 0 5 45 90 16
235 2 2 0 5 16 96 45
236 2 2 0 5 15 93 44
237 2 2 0 5 44 96 15
238 2 2 0 5 19 88 48
239 2 2 0 5 48 95 19
240 2 2 0 5 46 97 17
241 2 2 0 5 50 91 21
242 2 2 0 5 13 94 4
243 2 2 0 5 4 94 14
244 2 2 0 5 5 94 13
245 2 2 0 5 6 92 53
246 2 2 0 5 9 92 51
247 2 2 0 5 53 92 9
248 2 2 0 6 53 9 100
249 2 2 0 6 9 98 100
250 2 2 0 6 32 6 100
251 2 2 0 6 98 52 101
252 2 2 0 6 52 8 101
253 2 2 0 6 42 7 101
254 2 2 0 6 99 32 100
255 2 2 0 6 7 99 101
256 2 2 0 6 9 52 98
257 2 2 0 6 7 32 99
258 2 2 0 6 6 53 100
259 2 2 0 6 8 42 101
260 2 2 0 6 98 99 100
261 2 2 0 6 99 98 101
$EndElements
