$ 1 0.000005 10.20027730826997 50 5 50 5e-11
v 48 336 48 64 0 0 40 5 0 0 0.5
S 144 144 144 64 0 1 false 1 2
w 240 64 240 336 0
r 48 336 144 336 0 100
r 144 336 240 336 0 100
c 144 144 144 240 0 0.001 3.4044794635384946e-11 0.001
c 144 240 144 336 0 0.00009999999999999999 2.574789653001622e-11 0.001
w 48 64 128 64 0
w 160 64 240 64 0
r 288 336 384 336 0 100
r 384 336 480 336 0 100
w 480 64 480 336 0
S 384 144 384 64 0 1 false 1 2
w 288 64 368 64 0
w 400 64 480 64 0
c 384 144 384 336 0 0.00009091 5.980769697374129e-11 0.001
v 288 336 288 64 0 0 40 5 0 0 0.5
x 67 204 84 207 4 14 E1
x 113 196 130 199 4 14 C1
x 113 292 130 295 4 14 C2
x 88 356 105 359 4 14 R1
x 184 356 201 359 4 14 R2
x 328 356 345 359 4 14 R3
x 424 356 441 359 4 14 R4
x 351 244 368 247 4 14 C3
x 311 206 328 209 4 14 E2
