$ 1 0.000005 18.278915558614752 50 5 50 5e-11
v 48 336 48 64 0 0 40 5 0 0 0.5
S 144 144 144 64 0 1 false 1 2
w 240 64 240 336 0
r 48 336 144 336 0 100
r 144 336 240 336 0 100
w 48 64 128 64 0
w 160 64 240 64 0
r 288 336 384 336 0 100
r 384 336 480 336 0 100
w 480 64 480 336 0
S 384 144 384 64 0 1 false 1 2
w 288 64 368 64 0
w 400 64 480 64 0
c 384 144 384 336 0 0.0003 0.0000035102892481247904 0.001
v 288 336 288 64 0 0 40 5 0 0 0.5
w 144 144 144 192 0
w 144 336 144 288 0
w 144 288 96 288 0
w 96 192 144 192 0
w 144 192 192 192 0
c 192 192 192 288 0 0.00019999999999999998 0.000003512578531121035 0.001
r 144 288 192 288 0 0.01
c 96 192 96 288 0 0.00009999999999999999 0.000003512344369626369 0.001
x 66 206 83 209 4 14 E1
x 65 244 82 247 4 14 C1
x 88 356 105 359 4 14 R1
x 184 356 201 359 4 14 R2
x 166 310 183 313 4 14 R3
x 161 244 178 247 4 14 C2
x 309 206 326 209 4 14 E2
x 353 244 370 247 4 14 C3
x 332 356 349 359 4 14 R4
x 424 356 441 359 4 14 R5
