$ 1 0.000005 10.20027730826997 50 5 50 5e-11
v 48 336 48 64 0 0 40 5 0 0 0.5
S 144 144 144 64 0 1 false 1 2
w 240 64 240 336 0
r 48 336 144 336 0 100
r 144 336 240 336 0 100
w 48 64 128 64 0
w 160 64 240 64 0
r 288 336 384 336 0 100
r 384 336 480 336 0 100
w 480 64 480 336 0
S 384 144 384 64 0 1 false 1 2
w 288 64 368 64 0
w 400 64 480 64 0
v 288 336 288 64 0 0 40 5 0 0 0.5
w 144 144 144 192 0
w 144 336 144 288 0
w 144 288 96 288 0
w 96 192 144 192 0
w 144 192 192 192 0
l 96 192 96 288 0 1 1.3556725153525216e-10 0
l 192 192 192 288 0 5 2.711327230010868e-11 0
l 384 144 384 336 0 0.8333 1.6255339438611163e-10 0
w 144 288 192 288 0
x 74 243 89 246 4 14 L1
x 67 206 84 209 4 14 E1
x 173 243 188 246 4 14 L2
x 88 356 105 359 4 14 R1
x 184 356 201 359 4 14 R2
x 328 356 345 359 4 14 R3
x 424 356 441 359 4 14 R4
x 360 244 375 247 4 14 L3
x 310 206 327 209 4 14 E2
