$ 1 0.000005 10.20027730826997 50 5 43 5e-11
r 624 400 576 400 0 100
r 560 400 512 400 0 800
r 496 400 448 400 0 10
p 624 368 576 368 1 0 0
p 560 368 512 368 1 0 0
p 496 368 448 368 1 0 0
370 640 448 640 400 1 0 0
v 512 448 560 448 0 0 40 12 0 0 0.5
w 448 368 448 400 0
w 496 368 496 400 0
w 496 400 512 400 0
w 512 400 512 368 0
w 560 368 560 400 0
w 560 400 576 400 0
w 576 400 576 368 0
w 624 368 624 400 0
w 624 400 640 400 0
w 640 448 560 448 0
w 512 448 448 448 0
r 432 400 384 400 0 1200
p 432 368 384 368 1 0 0
w 432 368 432 400 0
w 432 400 448 400 0
w 384 368 384 400 0
w 384 400 384 448 0
w 384 448 448 448 0
x 526 477 543 480 4 14 U1
x 400 420 417 423 4 14 R1
x 463 420 480 423 4 14 R2
x 527 420 544 423 4 14 R3
x 591 419 608 422 4 14 R4
x 399 346 416 349 4 14 V1
x 465 346 482 349 4 14 V2
x 530 346 547 349 4 14 V3
x 589 346 606 349 4 14 V4
x 663 444 680 447 4 14 A1
