$ 1 0.000005 10.20027730826997 50 5 43 5e-11
r 624 368 560 368 0 1200
r 624 432 560 432 0 200
r 624 496 560 496 0 50
r 624 560 560 560 0 800
p 624 336 560 336 1 0 0
p 624 400 560 400 1 0 0
p 624 464 560 464 1 0 0
p 624 528 560 528 1 0 0
370 704 560 656 560 1 0 0
370 704 496 656 496 1 0 0
370 704 432 656 432 1 0 0
370 704 368 656 368 1 0 0
v 560 608 624 608 0 0 40 12 0 0 0.5
w 560 336 560 368 0
w 560 400 560 432 0
w 560 464 560 496 0
w 560 528 560 560 0
w 624 528 624 560 0
w 624 464 624 496 0
w 624 400 624 432 0
w 624 336 624 368 0
w 704 368 704 432 0
w 704 432 704 496 0
w 704 496 704 560 0
w 704 560 704 608 0
w 704 608 656 608 0
w 560 608 528 608 0
w 560 432 528 432 0
w 560 496 528 496 0
w 560 560 528 560 0
w 528 608 528 560 0
w 528 560 528 496 0
w 528 496 528 432 0
w 528 432 528 368 0
w 528 368 560 368 0
w 656 368 624 368 0
w 624 432 656 432 0
w 656 496 624 496 0
w 624 560 656 560 0
w 656 608 624 608 0
x 583 640 600 643 4 14 U1
x 614 578 631 581 4 14 R1
x 673 580 690 583 4 14 A1
x 674 519 691 522 4 14 A2
x 673 452 690 455 4 14 A3
x 674 388 691 391 4 14 A4
x 609 385 626 388 4 14 R4
x 610 450 627 453 4 14 R3
x 614 512 631 515 4 14 R2
x 560 521 577 524 4 14 V1
x 558 458 575 461 4 14 V2
x 560 395 577 398 4 14 V3
x 559 329 576 332 4 14 V4
