$ 1 0.000005 10.20027730826997 50 5 43 5e-11
r 496 352 432 352 0 1200
r 496 416 432 416 0 800
r 640 384 576 384 0 10
r 544 288 480 288 0 200
p 496 448 432 448 1 0 0
p 496 320 432 320 1 0 0
p 544 256 480 256 1 0 0
p 640 352 576 352 1 0 0
370 688 384 640 384 1 0 0
370 640 288 592 288 1 0 0
370 560 416 496 416 1 0 0
370 560 352 496 352 1 0 0
w 560 352 560 384 0
w 560 384 560 416 0
w 576 352 576 384 0
w 640 352 640 384 0
w 544 256 544 288 0
w 480 256 480 288 0
w 432 320 432 352 0
w 496 320 496 352 0
w 432 416 432 448 0
w 496 416 496 448 0
w 432 416 416 416 0
w 432 352 416 352 0
w 432 288 416 288 0
w 416 288 416 352 0
w 416 352 416 416 0
w 416 416 416 496 0
w 688 288 688 384 0
w 688 384 688 496 0
v 416 496 640 496 0 0 40 12 0 0 0.5
w 544 288 592 288 0
w 480 288 432 288 0
w 560 384 576 384 0
w 640 496 688 496 0
w 640 288 688 288 0
x 524 527 541 530 4 14 U1
x 428 406 445 409 4 14 R3
x 430 372 447 375 4 14 R4
x 450 465 467 468 4 14 V3
x 425 309 442 312 4 14 V4
x 520 309 537 312 4 14 R2
x 528 247 545 250 4 14 V2
x 611 309 628 312 4 14 A2
x 657 405 674 408 4 14 A1
x 597 405 614 408 4 14 R1
x 590 332 607 335 4 14 V1
x 535 433 552 436 4 14 A3
x 530 335 547 338 4 14 A4
