$ 1 0.000005 10.20027730826997 50 5 43 5e-11
r 656 336 704 384 0 400
r 560 368 512 416 0 800000
r 512 448 560 496 0 600
r 704 480 656 528 0 1200
p 528 336 480 384 1 0 0
p 736 352 688 304 1 0 0
p 736 512 688 560 1 0 0
p 528 528 480 480 1 0 0
r 624 400 624 464 0 100
p 656 400 656 464 1 0 0
w 656 400 624 400 0
w 656 464 624 464 0
w 528 528 560 496 0
w 480 480 512 448 0
w 480 384 512 416 0
w 528 336 560 368 0
w 688 304 656 336 0
w 736 352 704 384 0
w 704 480 736 512 0
w 656 528 688 560 0
w 624 464 624 560 0
v 480 624 752 624 0 0 40 12 0 0 0.5
370 784 496 784 432 1 0 0
w 784 624 784 496 0
w 464 432 464 624 0
370 624 304 624 400 1 0 0
370 624 304 560 368 1 0 0
370 624 560 560 496 1 0 0
w 624 304 656 336 0
w 624 560 656 528 0
370 752 432 704 384 1 0 0
370 752 432 704 480 1 0 0
w 512 416 496 432 0
w 512 448 496 432 0
w 752 432 784 432 0
w 752 624 784 624 0
x 612 650 629 653 4 14 U1
x 797 487 814 490 4 14 A6
x 728 477 745 480 4 14 A1
x 730 403 747 406 4 14 A2
x 674 389 691 392 4 14 R1
x 723 322 740 325 4 14 V2
x 661 490 678 493 4 14 R2
x 712 561 729 564 4 14 V1
x 577 549 594 552 4 14 A4
x 506 538 523 541 4 14 V4
x 535 456 552 459 4 14 R4
x 538 420 555 423 4 14 R5
x 474 359 491 362 4 14 V5
x 595 436 612 439 4 14 R3
x 665 451 682 454 4 14 V3
x 631 374 648 377 4 14 A3
x 570 330 587 333 4 14 A5
w 464 432 496 432 0
w 480 624 464 624 0
