$ 1 0.000005 10.20027730826997 48 5 50 5e-11
v 80 320 80 416 0 0 40 5 0 0 0.5
v 176 240 240 240 0 0 40 12 0 0 0.5
v 336 240 416 240 0 0 40 5 0 0 0.5
v 272 416 272 352 0 0 40 12 0 0 0.5
v 224 528 144 528 0 0 40 5 0 0 0.5
r 144 416 208 416 0 100
r 272 416 368 416 0 100
r 336 528 416 528 0 100
r 416 240 416 304 0 10
r 112 240 176 240 0 100
r 272 240 272 288 0 150
w 80 240 112 240 0
w 240 240 272 240 0
w 208 416 272 416 0
w 416 304 416 416 0
w 80 528 80 416 0
w 224 528 336 528 0
w 416 416 416 528 0
x 177 505 194 508 4 14 E5
x 368 506 385 509 4 14 R6
x 315 393 332 396 4 14 R4
x 169 392 186 395 4 14 R5
x 89 355 106 358 4 14 E1
x 135 219 152 222 4 14 R1
x 200 219 217 222 4 14 E4
x 282 283 299 286 4 14 R2
x 249 373 266 376 4 14 A2
x 369 217 386 220 4 14 E3
x 428 266 445 269 4 14 R3
370 144 528 80 528 1 0 0
370 80 416 144 416 1 0 0
370 80 320 80 240 1 0 0
370 272 352 272 288 1 0 0
370 272 240 336 240 1 0 0
370 416 416 368 416 1 0 0
x 122 545 139 548 4 14 R6
x 112 431 129 434 4 14 R6
x 384 426 401 429 4 14 R6
x 294 221 311 224 4 14 A3
x 277 342 294 345 4 14 R6
x 89 301 106 304 4 14 A1
p 416 560 336 560 1 0 0
w 416 528 416 560 0
w 336 560 336 528 0
x 365 576 382 579 4 14 V1
x 238 613 255 616 4 14 V2
p 288 592 208 592 1 0 0
w 80 528 80 592 0
w 80 592 208 592 0
w 288 592 416 592 0
w 416 592 416 528 0
