181
1 -0.5 0.5 0
2 0.5 0.5 0
3 0 0 0
4 -0.5 -1 0
5 0.5 -1 0
6 -0.25 -0.8 0
7 0.25 -0.8 0
8 0.25 -1 0
9 -0.25 -1 0
10 -0.5 -1 1
11 -0.5 0.5 1
12 0 0 1
13 0.5 0.5 1
14 0.5 -1 1
15 0.25 -1 1
16 0.25 -0.8 1
17 -0.25 -0.8 1
18 -0.25 -1 1
19 -0.3333333333333334 0.3333333333333334 0
20 -0.1666666666666671 0.1666666666666671 0
21 0.1666666666666666 0.1666666666666666 0
22 0.3333333333333329 0.3333333333333329 0
23 0.5 0.2 0
24 0.5 -0.09999999999999998 0
25 0.5 -0.4 0
26 0.5 -0.7 0
27 6.106226635438361e-16 -0.8 0
28 -0.5 -0.7 0
29 -0.5 -0.4 0
30 -0.5 -0.09999999999999998 0
31 -0.5 0.2 0
32 -0.5 -1 0.2499999999999997
33 -0.5 -1 0.4999999999999988
34 -0.5 -1 0.7499999999999989
35 -0.5 0.5 0.2499999999999997
36 -0.5 0.5 0.4999999999999988
37 -0.5 0.5 0.7499999999999989
38 -0.5 -0.7 1
39 -0.5 -0.4 1
40 -0.5 -0.09999999999999998 1
41 -0.5 0.2 1
42 0 0 0.2499999999999997
43 0 0 0.4999999999999988
44 0 0 0.7499999999999989
45 -0.3333333333333334 0.3333333333333334 1
46 -0.1666666666666671 0.1666666666666671 1
47 0.5 0.5 0.2499999999999997
48 0.5 0.5 0.4999999999999988
49 0.5 0.5 0.7499999999999989
50 0.1666666666666666 0.1666666666666666 1
51 0.3333333333333329 0.3333333333333329 1
52 0.5 -1 0.2499999999999997
53 0.5 -1 0.4999999999999988
54 0.5 -1 0.7499999999999989
55 0.5 0.2 1
56 0.5 -0.09999999999999998 1
57 0.5 -0.4 1
58 0.5 -0.7 1
59 0.25 -1 0.2499999999999997
60 0.25 -1 0.4999999999999988
61 0.25 -1 0.7499999999999989
62 0.25 -0.8 0.2499999999999997
63 0.25 -0.8 0.4999999999999988
64 0.25 -0.8 0.7499999999999989
65 -0.25 -0.8 0.2499999999999997
66 -0.25 -0.8 0.4999999999999988
67 -0.25 -0.8 0.7499999999999989
68 6.106226635438361e-16 -0.8 1
69 -0.25 -1 0.2499999999999997
70 -0.25 -1 0.4999999999999988
71 -0.25 -1 0.7499999999999989
72 -0.1083093052563998 -0.619934325214118 0
73 0.2525307587104896 -0.2803975536712566 0
74 -0.2343018318361587 -0.2561883519989852 0
75 0.2547252701793505 -0.5248282938620942 0
76 0.01451268084916145 -0.4261018629318669 0
77 0.3418159038782489 0.07944828186364178 0
78 -0.3418219911336964 0.07940607689254042 0
79 0.09441837796744477 -0.6416169447853091 0
80 -0.3207410803747417 -0.6103504574866927 0
81 0.005446992103351459 -0.1809858421319206 0
82 0.1857958580068398 -0.06140683773631059 0
83 -0.200404372499727 -0.05231791929275581 0
84 -0.375 -0.8821428571428571 0
85 0.375 -0.8821428571428571 0
86 -0.2318095507658083 -0.4506930380592574 0
87 -0.5 -0.25 0.2496934778125783
88 -0.5 -0.5652390177161267 0.7418784851247883
89 -0.5 0.06516850221993176 0.7418784851247882
90 -0.5 0.2896419348215629 0.3827109848202271
91 -0.5 -0.7896419348215629 0.3827109848202271
92 -0.5 -0.2500117525826993 0.7472792591626228
93 -0.5 0.2962796538893573 0.6170741170163829
94 -0.5 -0.7962914064720565 0.6170741170163829
95 -0.5 -0.5660820865062683 0.2577869318346567
96 -0.5 0.06608208650626834 0.2577869318346566
97 -0.5 -0.3905704108685013 0.4994329077162874
98 -0.5 -0.1078627969819039 0.4993451769418218
99 -0.5 -0.6188763488645244 0.4998404895017629
100 -0.5 0.1190884237317671 0.4998279565339819
101 -0.5 0.3122896312218577 0.8217905204282339
102 -0.5 -0.8123060848376367 0.8217905204282339
103 -0.5 0.3111448042655665 0.1780995833309767
104 -0.5 -0.8111448042655662 0.1780995833309767
105 -0.2538738907944504 0.2538738907944504 0.1763581223876575
106 -0.2563739410844483 0.2563739410844483 0.7930468376251778
107 -0.1364390865803188 0.1364390865803188 0.6295253636998528
108 -0.1615023057017573 0.1615023057017573 0.3749367776446066
109 -0.2948776668533704 0.2948776668533704 0.5185250533789589
110 -0.365108510664454 0.365108510664454 0.3348692119657806
111 -0.376811480143383 0.376811480143383 0.6876642943268119
112 -0.118235315653038 0.118235315653038 0.1670250891511694
113 -0.12013817296602 0.12013817296602 0.8259268804897507
114 -0.3905456542726493 0.3905456542726493 0.1543333312346865
115 -0.3933037509122329 0.3933037509122329 0.8461422263903977
116 0.2461261092055496 0.2461261092055496 0.1763581223876575
117 0.2436260589155516 0.2436260589155516 0.7930468376251778
118 0.3635609134196812 0.3635609134196812 0.6295253636998528
119 0.3384976942982427 0.3384976942982427 0.3749367776446066
120 0.2051223331466296 0.2051223331466296 0.5185250533789589
121 0.134891489335546 0.134891489335546 0.3348692119657806
122 0.123188519856617 0.123188519856617 0.6876642943268118
123 0.381764684346962 0.381764684346962 0.1670250891511694
124 0.37986182703398 0.37986182703398 0.8259268804897507
125 0.1094543457273507 0.1094543457273507 0.1543333312346865
126 0.1066962490877671 0.1066962490877671 0.8461422263903977
127 0.5 -0.25 0.2496934778125783
128 0.5 -0.5652390177161266 0.7418784851247882
129 0.5 0.06516850221993192 0.7418784851247883
130 0.5 0.2896419348215629 0.3827109848202271
131 0.5 -0.7896419348215629 0.3827109848202271
132 0.5 -0.250011752582699 0.7472792591626227
133 0.5 -0.7962914064720565 0.6170741170163829
134 0.5 0.2962796538893575 0.617074117016383
135 0.5 -0.5660820865062679 0.2577869318346566
136 0.5 0.06608208650626823 0.2577869318346567
137 0.5 -0.390570410868501 0.4994329077162874
138 0.5 -0.1078627969819037 0.499345176941822
139 0.5 0.1190884237317674 0.4998279565339823
140 0.5 -0.6188763488645244 0.4998404895017627
141 0.5 -0.8123060848376367 0.8217905204282339
142 0.5 0.3122896312218579 0.8217905204282339
143 0.5 0.3111448042655662 0.1780995833309767
144 0.5 -0.8111448042655662 0.1780995833309767
145 0.375 -1 0.6249999999999989
146 0.375 -1 0.1249999999999999
147 0.375 -1 0.8749999999999994
148 0.375 -1 0.3749999999999993
149 0.25 -0.9 0.8749999999999994
150 0.25 -0.9 0.6249999999999989
151 0.25 -0.9 0.1249999999999998
152 0.25 -0.9 0.3749999999999992
153 0.03349364905389116 -0.8 0.3749999999999993
154 -0.02557936574850389 -0.8 0.6249999999999989
155 -0.06657942920917104 -0.8 0.164362916539756
156 0.06830269415765239 -0.8 0.8360101437024509
157 -0.1013644230762312 -0.8 0.851745389618231
158 0.1055044837982867 -0.8 0.1449530334309026
159 -0.25 -0.9 0.8749999999999994
160 -0.25 -0.9 0.6249999999999989
161 -0.25 -0.9 0.1249999999999998
162 -0.25 -0.9 0.3749999999999992
163 -0.375 -1 0.6249999999999989
164 -0.375 -1 0.1249999999999999
165 -0.375 -1 0.8749999999999994
166 -0.375 -1 0.3749999999999993
167 -0.1083093052563998 -0.619934325214118 1
168 -0.2343018318361587 -0.2561883519989852 1
169 0.2525307587104896 -0.2803975536712566 1
170 0.2547252701793505 -0.5248282938620942 1
171 0.01451268084916145 -0.4261018629318669 1
172 0.3418159038782489 0.07944828186364178 1
173 -0.3418219911336964 0.07940607689254042 1
174 0.09441837796744477 -0.6416169447853091 1
175 -0.3207410803747417 -0.6103504574866927 1
176 0.005446992103351459 -0.1809858421319206 1
177 0.1857958580068398 -0.06140683773631059 1
178 -0.200404372499727 -0.05231791929275581 1
179 -0.375 -0.8821428571428571 1
180 0.375 -0.8821428571428571 1
181 -0.2318095507658083 -0.4506930380592574 1
358
99 2 2 0 1 7 75 26
100 2 2 0 1 1 19 31
101 2 2 0 1 23 22 2
102 2 2 0 1 26 75 25
103 2 2 0 1 19 78 31
104 2 2 0 1 23 77 22
105 2 2 0 1 20 78 19
106 2 2 0 1 22 77 21
107 2 2 0 1 25 75 73
108 2 2 0 1 28 84 4
109 2 2 0 1 5 85 26
110 2 2 0 1 7 79 75
111 2 2 0 1 74 81 76
112 2 2 0 1 30 74 29
113 2 2 0 1 25 73 24
114 2 2 0 1 76 79 72
115 2 2 0 1 30 83 74
116 2 2 0 1 73 82 24
117 2 2 0 1 75 76 73
118 2 2 0 1 78 83 30
119 2 2 0 1 24 82 77
120 2 2 0 1 6 84 28
121 2 2 0 1 26 85 7
122 2 2 0 1 76 86 74
123 2 2 0 1 6 72 27
124 2 2 0 1 24 77 23
125 2 2 0 1 31 78 30
126 2 2 0 1 74 83 81
127 2 2 0 1 75 79 76
128 2 2 0 1 4 84 9
129 2 2 0 1 8 85 5
130 2 2 0 1 29 80 28
131 2 2 0 1 74 86 29
132 2 2 0 1 28 80 6
133 2 2 0 1 27 79 7
134 2 2 0 1 81 83 3
135 2 2 0 1 72 86 76
136 2 2 0 1 3 83 20
137 2 2 0 1 29 86 80
138 2 2 0 1 21 82 3
139 2 2 0 1 72 79 27
140 2 2 0 1 6 80 72
141 2 2 0 1 76 81 73
142 2 2 0 1 20 83 78
143 2 2 0 1 77 82 21
144 2 2 0 1 9 84 6
145 2 2 0 1 7 85 8
146 2 2 0 1 3 82 81
147 2 2 0 1 81 82 73
148 2 2 0 1 80 86 72
149 2 2 0 2 89 92 40
150 2 2 0 2 39 92 88
151 2 2 0 2 39 88 38
152 2 2 0 2 41 89 40
153 2 2 0 2 40 92 39
154 2 2 0 2 29 87 30
155 2 2 0 2 28 95 29
156 2 2 0 2 30 96 31
157 2 2 0 2 29 95 87
158 2 2 0 2 87 96 30
159 2 2 0 2 36 93 37
160 2 2 0 2 34 94 33
161 2 2 0 2 89 98 92
162 2 2 0 2 92 98 97
163 2 2 0 2 92 97 88
164 2 2 0 2 33 91 32
165 2 2 0 2 35 90 36
166 2 2 0 2 97 98 87
167 2 2 0 2 38 102 10
168 2 2 0 2 11 101 41
169 2 2 0 2 95 97 87
170 2 2 0 2 87 98 96
171 2 2 0 2 31 103 1
172 2 2 0 2 4 104 28
173 2 2 0 2 28 104 95
174 2 2 0 2 96 103 31
175 2 2 0 2 95 104 91
176 2 2 0 2 90 103 96
177 2 2 0 2 33 94 91
178 2 2 0 2 90 93 36
179 2 2 0 2 10 102 34
180 2 2 0 2 37 101 11
181 2 2 0 2 1 103 35
182 2 2 0 2 32 104 4
183 2 2 0 2 88 102 38
184 2 2 0 2 41 101 89
185 2 2 0 2 91 99 95
186 2 2 0 2 96 100 90
187 2 2 0 2 89 101 93
188 2 2 0 2 94 102 88
189 2 2 0 2 95 99 97
190 2 2 0 2 98 100 96
191 2 2 0 2 89 100 98
192 2 2 0 2 97 99 88
193 2 2 0 2 93 100 89
194 2 2 0 2 88 99 94
195 2 2 0 2 93 101 37
196 2 2 0 2 34 102 94
197 2 2 0 2 35 103 90
198 2 2 0 2 91 104 32
199 2 2 0 2 90 100 93
200 2 2 0 2 94 99 91
201 2 2 0 3 105 110 108
202 2 2 0 3 108 110 109
203 2 2 0 3 36 111 109
204 2 2 0 3 107 109 106
205 2 2 0 3 109 110 36
206 2 2 0 3 109 111 106
207 2 2 0 3 42 108 43
208 2 2 0 3 19 105 20
209 2 2 0 3 46 106 45
210 2 2 0 3 108 109 107
211 2 2 0 3 37 111 36
212 2 2 0 3 36 110 35
213 2 2 0 3 43 107 44
214 2 2 0 3 3 112 42
215 2 2 0 3 44 113 12
216 2 2 0 3 43 108 107
217 2 2 0 3 20 112 3
218 2 2 0 3 12 113 46
219 2 2 0 3 106 115 45
220 2 2 0 3 35 114 1
221 2 2 0 3 1 114 19
222 2 2 0 3 42 112 108
223 2 2 0 3 111 115 106
224 2 2 0 3 11 115 37
225 2 2 0 3 108 112 105
226 2 2 0 3 19 114 105
227 2 2 0 3 45 115 11
228 2 2 0 3 105 112 20
229 2 2 0 3 46 113 106
230 2 2 0 3 106 113 107
231 2 2 0 3 107 113 44
232 2 2 0 3 105 114 110
233 2 2 0 3 37 115 111
234 2 2 0 3 110 114 35
235 2 2 0 4 116 121 119
236 2 2 0 4 119 121 120
237 2 2 0 4 43 122 120
238 2 2 0 4 118 120 117
239 2 2 0 4 120 121 43
240 2 2 0 4 120 122 117
241 2 2 0 4 47 119 48
242 2 2 0 4 21 116 22
243 2 2 0 4 51 117 50
244 2 2 0 4 119 120 118
245 2 2 0 4 44 122 43
246 2 2 0 4 43 121 42
247 2 2 0 4 48 118 49
248 2 2 0 4 2 123 47
249 2 2 0 4 49 124 13
250 2 2 0 4 48 119 118
251 2 2 0 4 22 123 2
252 2 2 0 4 13 124 51
253 2 2 0 4 117 126 50
254 2 2 0 4 42 125 3
255 2 2 0 4 3 125 21
256 2 2 0 4 47 123 119
257 2 2 0 4 122 126 117
258 2 2 0 4 12 126 44
259 2 2 0 4 119 123 116
260 2 2 0 4 21 125 116
261 2 2 0 4 50 126 12
262 2 2 0 4 116 123 22
263 2 2 0 4 51 124 117
264 2 2 0 4 117 124 118
265 2 2 0 4 118 124 49
266 2 2 0 4 116 125 121
267 2 2 0 4 44 126 122
268 2 2 0 4 121 125 42
269 2 2 0 5 56 132 129
270 2 2 0 5 128 132 57
271 2 2 0 5 56 129 55
272 2 2 0 5 58 128 57
273 2 2 0 5 57 132 56
274 2 2 0 5 24 127 25
275 2 2 0 5 25 135 26
276 2 2 0 5 23 136 24
277 2 2 0 5 24 136 127
278 2 2 0 5 127 135 25
279 2 2 0 5 53 133 54
280 2 2 0 5 49 134 48
281 2 2 0 5 132 138 129
282 2 2 0 5 137 138 132
283 2 2 0 5 128 137 132
284 2 2 0 5 48 130 47
285 2 2 0 5 52 131 53
286 2 2 0 5 127 138 137
287 2 2 0 5 55 142 13
288 2 2 0 5 14 141 58
289 2 2 0 5 127 137 135
290 2 2 0 5 136 138 127
291 2 2 0 5 26 144 5
292 2 2 0 5 2 143 23
293 2 2 0 5 23 143 136
294 2 2 0 5 135 144 26
295 2 2 0 5 136 143 130
296 2 2 0 5 131 144 135
297 2 2 0 5 131 133 53
298 2 2 0 5 48 134 130
299 2 2 0 5 13 142 49
300 2 2 0 5 54 141 14
301 2 2 0 5 47 143 2
302 2 2 0 5 5 144 52
303 2 2 0 5 58 141 128
304 2 2 0 5 129 142 55
305 2 2 0 5 130 139 136
306 2 2 0 5 135 140 131
307 2 2 0 5 128 141 133
308 2 2 0 5 134 142 129
309 2 2 0 5 136 139 138
310 2 2 0 5 137 140 135
311 2 2 0 5 128 140 137
312 2 2 0 5 138 139 129
313 2 2 0 5 133 140 128
314 2 2 0 5 129 139 134
315 2 2 0 5 133 141 54
316 2 2 0 5 49 142 134
317 2 2 0 5 52 144 131
318 2 2 0 5 130 143 47
319 2 2 0 5 134 139 130
320 2 2 0 5 131 140 133
321 2 2 0 6 14 147 54
322 2 2 0 6 61 147 15
323 2 2 0 6 60 145 61
324 2 2 0 6 5 146 8
325 2 2 0 6 54 145 53
326 2 2 0 6 145 148 53
327 2 2 0 6 60 148 145
328 2 2 0 6 52 146 5
329 2 2 0 6 8 146 59
330 2 2 0 6 52 148 146
331 2 2 0 6 146 148 59
332 2 2 0 6 61 145 54
333 2 2 0 6 53 148 52
334 2 2 0 6 15 147 14
335 2 2 0 6 54 147 61
336 2 2 0 6 59 148 60
337 2 2 0 7 64 149 16
338 2 2 0 7 15 149 61
339 2 2 0 7 63 150 64
340 2 2 0 7 61 150 60
341 2 2 0 7 7 151 62
342 2 2 0 7 59 151 8
343 2 2 0 7 60 152 59
344 2 2 0 7 62 152 63
345 2 2 0 7 16 149 15
346 2 2 0 7 61 149 64
347 2 2 0 7 60 150 63
348 2 2 0 7 64 150 61
349 2 2 0 7 8 151 7
350 2 2 0 7 62 151 59
351 2 2 0 7 59 152 62
352 2 2 0 7 63 152 60
353 2 2 0 8 65 153 66
354 2 2 0 8 64 154 63
355 2 2 0 8 153 154 66
356 2 2 0 8 63 154 153
357 2 2 0 8 65 155 153
358 2 2 0 8 64 156 154
359 2 2 0 8 66 154 67
360 2 2 0 8 63 153 62
361 2 2 0 8 27 155 6
362 2 2 0 8 6 155 65
363 2 2 0 8 16 156 64
364 2 2 0 8 68 156 16
365 2 2 0 8 154 157 67
366 2 2 0 8 153 158 62
367 2 2 0 8 156 157 154
368 2 2 0 8 155 158 153
369 2 2 0 8 67 157 17
370 2 2 0 8 17 157 68
371 2 2 0 8 62 158 7
372 2 2 0 8 7 158 27
373 2 2 0 8 27 158 155
374 2 2 0 8 68 157 156
375 2 2 0 9 17 159 67
376 2 2 0 9 71 159 18
377 2 2 0 9 70 160 71
378 2 2 0 9 67 160 66
379 2 2 0 9 65 161 6
380 2 2 0 9 9 161 69
381 2 2 0 9 66 162 65
382 2 2 0 9 69 162 70
383 2 2 0 9 18 159 17
384 2 2 0 9 67 159 71
385 2 2 0 9 66 160 70
386 2 2 0 9 71 160 67
387 2 2 0 9 6 161 9
388 2 2 0 9 69 161 65
389 2 2 0 9 65 162 69
390 2 2 0 9 70 162 66
391 2 2 0 10 34 165 10
392 2 2 0 10 18 165 71
393 2 2 0 10 33 163 34
394 2 2 0 10 9 164 4
395 2 2 0 10 33 166 163
396 2 2 0 10 71 163 70
397 2 2 0 10 163 166 70
398 2 2 0 10 4 164 32
399 2 2 0 10 69 164 9
400 2 2 0 10 69 166 164
401 2 2 0 10 164 166 32
402 2 2 0 10 34 163 71
403 2 2 0 10 70 166 69
404 2 2 0 10 10 165 18
405 2 2 0 10 32 166 33
406 2 2 0 10 71 165 34
407 2 2 0 11 16 58 170
408 2 2 0 11 11 41 45
409 2 2 0 11 51 55 13
410 2 2 0 11 58 57 170
411 2 2 0 11 45 41 173
412 2 2 0 11 55 51 172
413 2 2 0 11 46 45 173
414 2 2 0 11 51 50 172
415 2 2 0 11 57 169 170
416 2 2 0 11 38 10 179
417 2 2 0 11 14 58 180
418 2 2 0 11 16 170 174
419 2 2 0 11 168 171 176
420 2 2 0 11 40 39 168
421 2 2 0 11 57 56 169
422 2 2 0 11 171 167 174
423 2 2 0 11 40 168 178
424 2 2 0 11 169 56 177
425 2 2 0 11 170 169 171
426 2 2 0 11 173 40 178
427 2 2 0 11 56 172 177
428 2 2 0 11 58 16 180
429 2 2 0 11 17 38 179
430 2 2 0 11 171 168 181
431 2 2 0 11 17 68 167
432 2 2 0 11 56 55 172
433 2 2 0 11 41 40 173
434 2 2 0 11 168 176 178
435 2 2 0 11 170 171 174
436 2 2 0 11 10 18 179
437 2 2 0 11 15 14 180
438 2 2 0 11 39 38 175
439 2 2 0 11 168 39 181
440 2 2 0 11 38 17 175
441 2 2 0 11 68 16 174
442 2 2 0 11 176 12 178
443 2 2 0 11 167 171 181
444 2 2 0 11 12 46 178
445 2 2 0 11 39 175 181
446 2 2 0 11 50 12 177
447 2 2 0 11 167 68 174
448 2 2 0 11 17 167 175
449 2 2 0 11 171 169 176
450 2 2 0 11 46 173 178
451 2 2 0 11 172 50 177
452 2 2 0 11 16 15 180
453 2 2 0 11 18 17 179
454 2 2 0 11 12 176 177
455 2 2 0 11 176 169 177
456 2 2 0 11 175 167 181
